1526546856535274064 0 0 0 -0.05356690151002036 -0.02115172424047581 -0.69597806563913 -0.715749763376479 88.26000000000003 -2.538121709885531 6.097891413660719
1526546856636134064 -0.07296486921010595 0.03079480251556866 -0.0005245139373584609 -0.05336219857684728 -0.02523013678055468 -0.6980986324917889 -0.7135644436728709 88.62125509896015 -2.206289399512911 6.399693229161636
1526546856736989456 -0.1653581718041225 0.04689119347266592 -0.02406293877679961 -0.05933371908979991 -0.02713486564192978 -0.7042414009251093 -0.7069563339192929 89.62056932996985 -2.590892345567644 7.02120323203679
1526546856837849456 -0.2724530127877722 0.03637514197098813 -0.05165073731486421 -0.06990395368293723 -0.02581807646928708 -0.7094849361830373 -0.7007695694850568 90.4633539207458 -3.612402740942059 7.751460242740749
1526546856938709456 -0.4347073552640784 0.005415531482560017 -0.07130961614269295 -0.07752867350822047 -0.02384057977041044 -0.707016562860066 -0.7025300786313741 90.05065822753964 -4.366190323522401 8.224896198722981
1526546857039568456 -0.5625217159957048 -0.01057853664223155 -0.03319947379680609 -0.07981754681393645 -0.02356360878435143 -0.703952997009293 -0.7053538782506956 89.55226474712879 -4.538803391762386 8.408695865451953
1526546857140428456 -0.7141006806385318 0.002793319562008368 -0.03241754921959009 -0.08036618315525521 -0.02374534224643311 -0.7022921160710199 -0.7069393319310686 89.28474646188448 -4.548793023326715 8.478877481172553
1526546857241293064 -0.8295414762526623 -0.0205961606624122 -0.05278351014247121 -0.08194297308792836 -0.02199060095821196 -0.6983413207825785 -0.7107187645747449 88.63887005222396 -4.771954437344284 8.493817457448543
1526546857342153064 -0.9563641130421321 -0.03151613022036244 0.0004542589346739018 -0.07941736944743365 -0.02202972144739452 -0.6915698928736751 -0.7175922631088579 87.55718970370096 -4.486753312247163 8.331071272988362
1526546857443013064 -1.08405912980947 -0.02201167114823969 -0.007515668132242279 -0.07771086131769475 -0.02270081098261957 -0.6861491348753247 -0.7229419478241922 86.70223824041445 -4.23341059348512 8.27392157216415
1526546857543873064 -1.216206939449811 -0.02122884565243522 0.02479264831710117 -0.07402312810515634 -0.02067402977833088 -0.6838119022535416 -0.7255993683394751 86.32421243382196 -4.084847991159223 7.818887211991151
1526546857644726152 -1.295032242300336 -0.0112109127128734 0.001310949917293696 -0.0720571035542769 -0.02398413474759413 -0.6801435863938654 -0.7291345808525804 85.76739394361341 -3.614496482166061 7.930883439660991
1526546857745593064 -1.372438779723803 0.005424669551159086 -0.0001651015295641019 -0.07263113693418129 -0.02741506907218787 -0.6739542199089464 -0.7346828168688442 84.82384435157863 -3.303060960274047 8.274383528325792
1526546857846453064 -1.470489459674084 0.006802598173056569 0.002001789487118985 -0.06879294694601956 -0.03316395456256895 -0.6677616791382706 -0.7404471773480467 83.91025938348243 -2.45084517601399 8.412575076679158
1526546857947308456 -1.543301811327069 0.01322220535160762 0.01608322339677657 -0.06529013816112403 -0.037018840830098 -0.669434629375672 -0.7390697397912828 84.20164232588189 -1.873673806579721 8.403847444103162
1526546858048173064 -1.613759105507225 0.0367111975571336 0.0002038414052152597 -0.0615911654782001 -0.04128565866434567 -0.6870178110088594 -0.7228475289300537 86.98367930044705 -1.429218552952936 8.384498438250251
1526546858149033064 -1.638643004405546 0.06311524966456769 -0.01337062615378066 -0.05849081895966646 -0.04379767806336798 -0.7247663789293297 -0.6851089573690835 93.11990924222935 -1.419475966737414 8.260583630870656
1526546858249893064 -1.717114791495522 0.06863428146530505 0.02273957115763741 -0.06097896866652858 -0.04760075854114764 -0.7770832150159043 -0.6246258160748881 102.2619051489923 -2.023313355173606 8.641487265016083
1526546858350753064 -1.855483279790291 0.06143527739727477 0.03506304556234587 -0.06392376566766717 -0.05472626749565328 -0.8327969034701637 -0.547145415222833 113.1736097585732 -2.670065889861126 9.281084525857235
1526546858451613064 -1.971342479194193 0.0844999568713716 0.05178168345137154 -0.06404299192029912 -0.05833221871448867 -0.8857866831002554 -0.4559361791829953 125.2461500017983 -3.455042096140761 9.324938989820687
1526546858552463848 -2.085670952984297 0.08625804855006912 0.02760112191076986 -0.05446308536929191 -0.0641585194425628 -0.9340510857637478 -0.3470821601560048 138.9704268811476 -3.279455748695502 9.086163545013576
1526546858653323848 -2.168513254152898 0.05309764634048397 0.03713845104910278 -0.05402917028067394 -0.06009612748782693 -0.9687390303629648 -0.2345506241116645 152.4653548027473 -4.38679092132105 8.174977338163009
1526546858754179240 -2.247317771008224 0.04687377455045851 0.03777046650862283 -0.05026595268011778 -0.05880632452909265 -0.9857030916365621 -0.1496815464065702 162.4222659770788 -4.674225706732667 7.551424811677919
1526546858855039240 -2.311948160204881 -0.02483816170164787 0.03261583664493793 -0.04797000173859541 -0.05580431491649681 -0.9926266227882931 -0.09631793759111776 168.6223680298291 -4.846278109699637 6.918482747282184
1526546858955906152 -2.367076540441573 -0.09885397305795926 -0.006678355963691876 -0.04805231784377938 -0.05014073777493214 -0.9956261988662267 -0.06249282595958833 172.5432588529127 -5.130092604835434 6.100596570242483
1526546859056773064 -2.422985486212448 -0.1384348224552401 0.009074266231308217 -0.0407422403997817 -0.04117738389228599 -0.9974738078618381 -0.04111563610839907 175.0872262576756 -4.467440631058222 4.919589062532072
1526546859157633064 -2.4387637313402 -0.1558933324959221 0.03111590390837318 -0.03181246661112422 -0.03653436942381765 -0.9984332335496403 -0.02800508815429874 176.6544717985177 -3.524707189681415 4.294196377333984
1526546859258493064 -2.457219318014654 -0.2112407616488314 0.03437341490318528 -0.02652805771052091 -0.03336796541902035 -0.9989195246079342 -0.01851011601693061 177.7762149556886 -2.967156139742739 3.884001545952628
1526546859359343848 -2.475287258359411 -0.2799676289159609 0.06092402288311038 -0.02218193551336343 -0.03401871499798149 -0.9990745840906835 -0.01416559885056288 178.2899113417143 -2.485068211393056 3.937455603739945
1526546859460203848 -2.455341840250058 -0.3330730347222507 0.07663591420105989 -0.0226255725108534 -0.038586178118522 -0.9989165059700981 -0.01284540490810639 178.4278432317415 -2.533918486556496 4.459019039068115
1526546859561073064 -2.486637472877347 -0.3968200037817513 0.05324797695127029 -0.01965746383411192 -0.04338889872186792 -0.9987802558913983 -0.01299953940825557 178.4130852482521 -2.185728229821476 5.005220070255336
1526546859661935368 -2.4685108962298 -0.4688625066822537 0.08149830368840605 -0.01877434354457233 -0.05030211627307755 -0.9984669984741222 -0.01344894348999192 178.3517042717434 -2.071011797710661 5.797966217709862
1526546859762783848 -2.478665360141389 -0.5587863812289011 0.097876258432758 -0.02405807354589669 -0.0560285882529236 -0.9980418285378606 -0.01394685930409167 178.2483105897179 -2.662867833733207 6.466971099217455
1526546859863648456 -2.488453623974855 -0.631564911366815 0.04352695975925572 -0.02100034229800449 -0.05610187983561159 -0.9981153456929848 -0.01331620796061619 178.3403550887903 -2.316950772494705 6.467734284713264
1526546859964508456 -2.503855530462193 -0.7199023867680906 0.01094402603146501 -0.01515710865271929 -0.05537045244260604 -0.9982934216989481 -0.01070603783839245 178.6784245252396 -1.666217774020935 6.368546116950343
1526546860065367456 -2.539411646056794 -0.8078385243334352 0.05769382103806274 -0.01332415006537159 -0.05643675916245934 -0.998281542749872 -0.008445155132335704 178.9473443876358 -1.469756206535275 6.484922908803037
1526546860166227456 -2.520564356014154 -0.9208903226831223 0.09587666477820271 -0.01404774495935055 -0.06054156913198264 -0.9980403234527293 -0.007272690765110092 179.0704035346519 -1.556335104484723 6.955294014244376
1526546860267087456 -2.555533181094704 -1.018198080634117 0.07939742937473705 -0.01520312271227841 -0.06437658627831351 -0.9978096252448404 0.000686999052159083 179.9663826488042 -1.743670713610571 7.383486176808728
1526546860367947456 -2.561508007407253 -1.106593457206474 0.08665220478547943 -0.01255844172532766 -0.06720265608963619 -0.9975955285863443 0.01136881262326776 -178.7965594896048 -1.523360235546114 7.691773193904038
1526546860468807456 -2.546168782975924 -1.205214478067497 0.0744777975986784 -0.01418771181249861 -0.0677333414073497 -0.9973965628816183 0.02027312623289444 -177.7914279146295 -1.77919859502699 7.735700822524171
1526546860569667456 -2.543613953292628 -1.302375034696504 0.08466762831587568 -0.01520330962826795 -0.06409244806433001 -0.997520699920411 0.02476834083586006 -177.2779022940369 -1.920120905784679 7.306976233586738
1526546860670527456 -2.527040164220183 -1.408614506998956 0.1060731258383809 -0.02176295509047482 -0.06244825877404952 -0.9973868781396471 0.02908614922378313 -176.8262841368459 -2.696471234823693 7.090724210672525
1526546860771392064 -2.534693966601079 -1.496226114305924 0.04942417807450159 -0.01880710430602141 -0.0668493230771091 -0.9972084048563682 0.02743826006824623 -177.0047502748267 -2.359973560414068 7.608627619265793
1526546860872252064 -2.508769418156802 -1.590515369837791 0.1219235126157841 -0.0132133711502752 -0.06536262617411927 -0.9974389604291871 0.0258583475962906 -177.1409581806211 -1.704193454651034 7.455984151984698
1526546860973112064 -2.511286226934974 -1.702910013542567 0.1114031485381546 -0.01660831218621637 -0.06422323698187997 -0.9974514620250586 0.02627014849534826 -177.1164241200595 -2.092120556476222 7.315410836424182
1526546861073972064 -2.526475238786271 -1.806560678146068 0.05661415926223207 -0.01630473640384799 -0.05844156933405018 -0.9977903817122072 0.02707568479618218 -177.0101401077937 -2.046014997654505 6.65068038954611
1526546861174834368 -2.510373971598438 -1.912553276957691 0.05690755441018674 -0.01533664218739777 -0.05475747574572046 -0.9980217895676591 0.02681256803328643 -177.0268104702342 -1.922575916509681 6.230985549508361
1526546861275694368 -2.5284087017123 -2.028137546272478 0.06063680080195478 -0.01535455063311635 -0.05244261417787125 -0.9981185141327324 0.02781082052929638 -176.9081416616486 -1.923681404459296 5.963356396498354
1526546861376554368 -2.525910057145488 -2.128329139101224 0.04281122043925673 -0.008925523501450741 -0.04906389126531385 -0.9982782165299724 0.03088158036546008 -176.5146001202003 -1.194740960300951 5.591125009806974
1526546861477082592 -2.52101640822215 -2.256147015419962 0.08493691460522433 -0.0108754192176775 -0.03917595430292578 -0.9984173425682442 0.03885588655866901 -175.5976336704335 -1.418837047266115 4.439506079947646
1526546861578255936 -2.503723836971824 -2.355823759151168 0.07309959752851013 -0.01459369866567491 -0.03213191029444804 -0.9983105335426563 0.04615888774506891 -174.7632684668719 -1.83976462799582 3.602862688176384
1526546861678839456 -2.519070010722639 -2.463625976930324 0.05752796559666248 -0.01097712534362852 -0.02391505854993103 -0.998264855486579 0.052676854443891 -173.9914353837284 -1.400201675664125 2.671212162639289
1526546861779598080 -2.500369743749222 -2.567464320417888 0.0742796960710765 -0.007777075718196419 -0.01903110380293835 -0.9980701499210958 0.0585944538142965 -173.2991696769378 -1.017303834330256 2.125198773766232
1526546861880743776 -2.489364076521834 -2.652925250841665 0.1268971365724066 -0.01144891709617513 -0.02095845790182373 -0.9980313106260918 0.05799283015741773 -173.3782473666724 -1.448800024814302 2.322228504530437
1526546861981700544 -2.479744471365002 -2.756396119282579 0.08843499918518459 -0.009084407067174059 -0.02423828100375618 -0.9982726621315198 0.0527415521488493 -173.9795754821689 -1.185772648766606 2.71940397518382
1526546862082574368 -2.475580453282454 -2.855676145515354 0.09773448153269117 -0.005047018500329714 -0.02579493533364468 -0.9985432961291926 0.04712148841916657 -174.6147128405132 -0.7168074910720724 2.925823793247386
1526546862183415936 -2.451937059624486 -2.963842098796236 0.1094963473064526 -0.005685516677496306 -0.02765702703975567 -0.9986467835781344 0.04367339469835915 -175.0134236975343 -0.7890679490828104 3.138385988482125
1526546862284294368 -2.443197328784838 -3.086394333561772 0.09218591378145213 -0.0107999841757883 -0.03229073472678982 -0.9983406662366104 0.04643902379299962 -174.7182036314821 -1.40751081092929 3.640179350800623
1526546862385154368 -2.452133965577068 -3.196814631372669 0.09685955250553376 -0.01192931907619061 -0.03734676907157426 -0.9978507413448914 0.05250531576654239 -174.0342549054756 -1.588967943792178 4.204038121739832
1526546862486014368 -2.466949199274858 -3.293073352821992 0.1048856385319238 -0.01649730690606323 -0.04880086111522243 -0.9967794888914544 0.06145702030322799 -173.0502070680812 -2.22860371510978 5.470414375498366
1526546862586865152 -2.461547491942155 -3.390943095184896 0.07353028067243257 -0.01466898183842801 -0.05782281096847397 -0.9956959356718369 0.07092917023420021 -171.9724556186879 -2.144184177815457 6.496711012497602
1526546862687734368 -2.440585235867855 -3.481454654845209 0.1097609314743525 -0.01199583884619242 -0.06752926767299351 -0.9947621994779432 0.07578960580271331 -171.4164220556784 -1.954282292255343 7.620436782291379
1526546862788594368 -2.429289620836006 -3.575783199426931 0.08459128919609475 -0.01242784193463409 -0.0763620278391368 -0.9940683651915071 0.07643608293618114 -171.3634087587353 -2.084988173410693 8.627946438195819
1526546862889454368 -2.416362328089477 -3.681352156363527 0.05597107344046278 -0.01091561095182449 -0.07822424946627045 -0.9943344224586611 0.07113980985909331 -171.9613422983159 -1.881774229000137 8.864148252604199
1526546862990314368 -2.396743706412945 -3.781152856055157 0.0343006542512423 -0.007571791761964024 -0.07662943467246752 -0.9951027194998142 0.06197721642157217 -172.9795358117964 -1.407783166687524 8.720560148075279
1526546863091174368 -2.382570186685207 -3.89311438167578 -0.01019510762307438 0.003422658465068183 -0.07093432009013634 -0.9959785315202258 0.05462025625347828 -173.7257944595169 -0.05334884008783092 8.144613545456391
1526546863192034368 -2.355083398384649 -4.000761162984761 0.07433092959992837 0.006307818100150374 -0.06084214259523111 -0.9968966559307771 0.04955302724628922 -174.2856944916529 0.3750987155053194 7.003756224052919
1526546863292889760 -2.35009005131569 -4.180655216735749 0.08070530931901718 0.003367116322822875 -0.05414417115435912 -0.9968744485906894 0.05743174213520426 -173.4039246560793 0.02830390444174741 6.219439798325637
1526546863393754368 -2.299441214084057 -4.41143099379594 0.08391747123300095 0.00145544041987982 -0.04732265732476398 -0.9941633110633963 0.09694203800401656 -168.8782774134996 -0.3598896914345732 5.415460437534674
1526546863494609760 -2.256175181232671 -4.578080857066793 0.02303954009413769 0.0005972738829591248 -0.04992970108254267 -0.9828875185233202 0.1773098816896184 -159.5947070693709 -0.9472542681166982 5.645650022372047
1526546863595474368 -2.297624514316818 -4.65985249771522 0.03036438095590499 -0.002757381933803169 -0.05507111085611514 -0.9565408715229287 0.286337442015711 -146.7800477651461 -2.109702731536258 5.960732352749862
1526546863696334368 -2.33070995718293 -4.710006836502941 0.04806186258999821 0.0004975178006201848 -0.06079577688092988 -0.914466748063022 0.4000677351105973 -132.8957910012246 -2.736049798850496 6.414294922417424
1526546863797194368 -2.302944501125049 -4.806550409126881 -0.03258423068881794 0.0101880246768431 -0.05923872444481162 -0.8628699856736044 0.5018389836421336 -119.7715629696756 -2.399946518596848 6.462612876470101
1526546863898054368 -2.173820954945247 -4.898585465437621 0.01430117946604046 0.01570220035378953 -0.05459161931533545 -0.8119888175881931 0.5809021915230709 -108.9562370006817 -2.173449930097468 6.140990493340278
1526546863998914368 -2.122761882337675 -4.949967066458827 0.009400887743807604 0.01511154224762248 -0.05363123691864292 -0.7679694016809823 0.6380582495346556 -100.6900781290637 -2.592332489445849 5.840673659736044
1526546864099773368 -2.088472591756912 -5.010378755121431 -0.03982995632094867 0.02300089362571543 -0.04962759948137085 -0.7366378737028844 0.6740717345272895 -95.17774324440026 -1.892162630392901 5.979950756078024
1526546864200633368 -2.024070967737753 -5.05372750742721 -0.02664945018328109 0.03453101258385442 -0.04232284834502795 -0.7150757304597786 0.696909668023993 -91.5042018186858 -0.5503817692788605 6.238254295895624
1526546864301493368 -1.938097072963047 -5.108243868569516 -0.02759857571882766 0.04397711294144507 -0.03989043762026123 -0.6995315195339965 0.7121309006792622 -88.96122712696432 0.2699974331153045 6.802394959589318
1526546864402353368 -1.873355561040661 -5.146815450001584 -0.0526128465251522 0.04920886143202057 -0.03945136911135375 -0.6878236825985741 0.7231325321739719 -87.09459180300445 0.6094611814971264 7.206589025057236
1526546864503213368 -1.767165508138401 -5.167750274932371 -0.03084737832844729 0.05574155855780052 -0.0417210931637565 -0.6800607263213034 0.7298422004448015 -85.89632168278401 0.8546360993155646 7.939432176211613
1526546864604073368 -1.727398868064272 -5.187810147514107 -0.08823007604044472 0.06026318518937205 -0.05309942874698542 -0.6772508106714479 0.7313550017757735 -85.58246400169492 0.2267495809830282 9.211080006706874
1526546864704933368 -1.658441602192655 -5.241017298001553 -0.03698543163096226 0.05910211131608326 -0.06595052598832027 -0.6729873762453488 0.7343333439074152 -85.09580642804322 -0.9918045760276162 10.11330579313051
1526546864805793368 -1.546772991668351 -5.254707035200382 -0.02207549175217922 0.06274481350969792 -0.07039515415680829 -0.6686220374936906 0.7375989300606788 -84.49127812741632 -1.142648161329642 10.7622247950773
1526546864906653368 -1.434323166802142 -5.253261607411917 0.01013359966084282 0.06244500431406933 -0.06990760877329431 -0.6662398324162944 0.7398229743484078 -84.11709186306167 -1.159276517705552 10.69523822016035
1526546865007513368 -1.373290356931787 -5.256136996821052 0.01876060929627424 0.05935794670125258 -0.06633838116548674 -0.6663288757097015 0.7403253897734431 -84.07486059135995 -1.095570544494527 10.15588949159804
1526546865108373368 -1.224985192556431 -5.238436316425713 -0.01430290932886965 0.05446687003079473 -0.05742008614519886 -0.6709656278020553 0.7372526161936084 -84.66249514411967 -0.663237648573708 9.054624698344009
1526546865209233368 -1.137484781133251 -5.233534596560551 0.08394616422600196 0.05530870523943411 -0.0441222256735739 -0.6785435359423857 0.7311448872536498 -85.68338014164434 0.6038656900457352 8.091992873797828
1526546865310093368 -0.997283088292496 -5.230039558394415 0.03708030530718513 0.05497275487038983 -0.02752575135096777 -0.686800307906097 0.7242414419892144 -86.83966048794782 2.042455862228963 6.748485016765335
1526546865410953368 -0.9014670695826567 -5.254488224605372 0.0459712293962222 0.0453405766400244 -0.01969814807432828 -0.6929054476299527 0.7193318119735334 -87.76425192863938 1.976778895789685 5.312213717785212
1526546865511813368 -0.805580111518325 -5.26745389365909 0.06481351179708748 0.03507042628036125 -0.011309030410891 -0.696503639423825 0.7166064828767916 -88.30807852419179 1.870759407950636 3.787267122942316
1526546865612673368 -0.6775257131520461 -5.289567755113251 -0.01225778245439915 0.02916376145832628 -0.007562326764831623 -0.6991925144341067 0.7142983368248982 -88.73049461977905 1.717907651563894 2.995744578415336
1526546865713533368 -0.5711901953493644 -5.321821376915151 -0.04442138649946548 0.02540802624066145 -0.009946789873193041 -0.6970851342931185 0.7164689868524096 -88.39820137691021 1.213041231184779 2.882443655813975
1526546865814393368 -0.4666269801658584 -5.341893433638834 0.000175792377664235 0.03056882033173364 -0.009842235980557905 -0.6915154476596505 0.7216474646685203 -87.51050865566222 1.608639862925098 3.310943042933894
1526546865915253368 -0.3428819459181436 -5.340235486282067 -0.01343042911712885 0.03568979284224959 -0.01087855489108853 -0.6855126789920034 0.7271040246564217 -86.56357856659046 1.897520626668533 3.833185772524525
1526546866016113368 -0.2164715366870466 -5.311108933072616 -0.05684612776744648 0.03575081752688649 -0.01716658484174186 -0.6826777172227942 0.729642598686854 -86.13924557038288 1.361569252181828 4.33744920048087
1526546866116973368 -0.1142877005661718 -5.325618216060725 -0.09029888405901985 0.03404013786100046 -0.0225374529587302 -0.6817277761475183 0.7304659960994049 -86.01559647815951 0.7727446137519538 4.615378366330089
1526546866217833368 0.005437763241491474 -5.315158640815072 -0.09655279119993893 0.03406256832341652 -0.0278602506879918 -0.6803262277423344 0.7315871593437792 -85.82740335033802 0.3198790661860158 5.034119638877388
1526546866318693368 0.08317204290046129 -5.289128873589855 -0.05212313918347655 0.03462974994842304 -0.03360365928434944 -0.682316802436982 0.7294623743644242 -86.17959460326638 -0.101315587835276 5.530696811204815
1526546866419553368 0.223818330906661 -5.292554213328246 -0.0146346500776082 0.04131568846848854 -0.03007393590737884 -0.6874466102518343 0.7244347660891735 -86.96017461272213 0.7581283942089244 5.809332993435155
1526546866520413368 0.3411994215481181 -5.304732280900127 -0.04197421867224219 0.04718935703693702 -0.02579958263690242 -0.6946699652579089 0.7173152622709061 -88.07738201632934 1.635970338829861 5.945700622201142
1526546866621273368 0.4661627854386188 -5.323037009296399 -0.05664469439053991 0.04423576528061675 -0.02937110882386487 -0.6993625061673738 0.7127921295888341 -88.85040567087039 1.146145634746095 5.979046715739179
1526546866722133368 0.5804646365015567 -5.347070144093888 -0.04181580143854052 0.03877564001472987 -0.03215102293358331 -0.6985794997587398 0.7137572724551403 -88.74473587550773 0.4743962281230844 5.755082331760385
1526546866822993368 0.6873709580576023 -5.381178614106034 -0.05620170401063602 0.03925646418680707 -0.03264915416443383 -0.6924241066279558 0.7196817486308615 -87.76679930451768 0.4222876735819961 5.838293871339383
1526546866923853368 0.8080759177781498 -5.39158977202148 -0.06034378738799153 0.04472298785350009 -0.03203713807261702 -0.6846935077153959 0.7267518673068263 -86.5404793435233 0.8409591482166501 6.251217584167587
1526546867024712368 0.8931775237115048 -5.392583966168503 -0.07795219050866245 0.04638724353372418 -0.03500420945585311 -0.6767344054582757 0.7339301556870027 -85.31855167073998 0.6533234137495917 6.631000368829775
1526546867125570064 1.021846728132842 -5.388579137773727 -0.06805520200979355 0.04561196970517986 -0.0408259016827991 -0.6695649024390409 0.7402267459320807 -84.25897560057088 0.03664061835078414 7.018949724081369
1526546867226432368 1.140054390502082 -5.367821388912206 -0.08151156335994553 0.0449352388935545 -0.04234837029195536 -0.6664128906795423 0.7430217351971142 -83.78835262239488 -0.1742180707399651 7.077933498236433
1526546867327290064 1.239790770931487 -5.349714019078536 -0.06970371986047022 0.0420805395307579 -0.04184875827282887 -0.66665136283876 0.7430032772801514 -83.82006054530693 -0.3484424797619012 6.795801696864541
1526546867428150064 1.357762089286442 -5.342060804271743 -0.03645733469213881 0.0426985523432723 -0.03731803754807798 -0.6700146253999393 0.7401787618214462 -84.29677690165752 0.1130601995723339 6.500772256127137
1526546867529012368 1.467805085911156 -5.334983798498084 -0.0277496687362261 0.04247558584338967 -0.03198810926002676 -0.6743448627075455 0.7364995530298516 -84.92405525579024 0.5825895065295628 6.068304653216519
1526546867629837808 1.58031798102557 -5.327222839717352 -0.0427020420351191 0.04356190858818207 -0.03125749494479452 -0.6797753628185211 0.7314579859669855 -85.76407094831781 0.7733753210166834 6.0982233916131
1526546867730730064 1.6966501379229 -5.330378357509755 -0.06596946963544774 0.0439548793679955 -0.03411636953640164 -0.6828232449046474 0.7284617066993213 -86.26278578224706 0.591411187481676 6.351961424402157
1526546867831557808 1.815728588061801 -5.334357967463921 -0.08911686312719488 0.04512757911015959 -0.0343429765663715 -0.6801149624711583 0.7309088174232631 -85.84051663128797 0.6406211157869207 6.470387145666517
1526546867932417808 1.911608572489214 -5.355784762347494 -0.09170971510386507 0.046695868975228 -0.03571106082750091 -0.6711601365281368 0.7389778664417193 -84.45990396225353 0.5673202519923684 6.716447877663912
1526546868033277808 2.044522748689959 -5.345544413865759 -0.07318663711777504 0.05341386072620845 -0.0361168098767391 -0.6625335360942557 0.746251867050991 -83.13636104759298 0.9667674491186703 7.330681634115168
1526546868134149328 2.161084234830644 -5.334001983649488 -0.09515383660432304 0.05658553150308956 -0.03768158211496031 -0.6577765651569513 0.7501387647123365 -82.42399182764289 1.026133008415582 7.728996673235441
1526546868235030064 2.276134006685052 -5.306491337082618 -0.0996748540696076 0.05504631933347065 -0.04055994595582701 -0.6569631241280887 0.7508157210978994 -82.32710315570723 0.6543729198976568 7.814189398084867
1526546868335890064 2.388758428553989 -5.283459325974345 -0.07701242444995693 0.05162081393966298 -0.03973234950771703 -0.6577191432822029 0.750441310517304 -82.43457378046048 0.4738645413903315 7.454953807122368
1526546868436750064 2.487035646176988 -5.26370123737569 -0.08607844005366627 0.04732072421016257 -0.03689452284553485 -0.6562167681762249 0.7521828876068481 -82.18125733113783 0.378295150841769 6.869704425937824
1526546868537593936 2.600937512658771 -5.242776220731796 -0.06579692321654494 0.04481331009978989 -0.03523103044747692 -0.654666652406133 0.7537652923548934 -81.93231288758797 0.3187783726221713 6.527977259761026
1526546868638453936 2.716389666064019 -5.237324693246256 -0.02658240838102693 0.04734786149865951 -0.02932082097090256 -0.6570744496858455 0.7517656796097703 -82.25241938885122 1.039251523364813 6.30026860014246
1526546868739318544 2.848987489968497 -5.211053101968022 -0.0803374752669348 0.04577466572178041 -0.02637903404163166 -0.6643991792352966 0.745508254261852 -83.35123938249532 1.231594594618142 5.930790433516261
1526546868840190064 2.964942346005669 -5.209241706308805 -0.06440194656811392 0.04009085585667053 -0.02835576764030012 -0.6695799002030473 0.7411149917268487 -84.16152635441317 0.6679861476409292 5.589665749957974
1526546868941050064 3.055378234153151 -5.219538827707796 -0.0601027129259915 0.03741274836287134 -0.02627006072018184 -0.6670123278498045 0.743642874413572 -83.75297450501067 0.6210091319076478 5.203515428008689
1526546869041905456 3.167401182159777 -5.215475528188114 -0.08232430142060185 0.0352648667439231 -0.02881456237949938 -0.6578858212632926 0.7517395535350883 -82.37363077342366 0.1763807018577783 5.217330490786471
1526546869142770064 3.313923798618616 -5.202001709615937 -0.03315683319426711 0.04157083278183828 -0.03150477696398477 -0.6483227944025968 0.759576769752921 -80.94555851285871 0.3461856992970125 5.969837991608155
1526546869243630064 3.425078293812868 -5.19604948406743 -0.04204882495800286 0.04216038376775937 -0.02696440536933145 -0.6407047498490875 0.766154583882686 -79.77262087036453 0.7280719489043518 5.6909855041544
1526546869344490064 3.530658091357849 -5.159774796247349 -0.114870097810988 0.03889485408508454 -0.02427087692743326 -0.6345044775609865 0.7715582821886713 -78.83449631300324 0.6821295839001809 5.211110225955188
1526546869445350064 3.664120434031816 -5.121947558447515 -0.0892196899093335 0.03196402729901313 -0.02432930548876087 -0.6316825349086655 0.7741857405975814 -78.41793628419033 0.1553538464699725 4.601744755979867
1526546869546210064 3.797673768398888 -5.098704250382243 -0.08377169254184756 0.03207604336894292 -0.01643496443039005 -0.6292058225375392 0.7764026354095052 -78.01341102344568 0.8505622845462951 4.042566353831145